numero_codici 76
11210 140
11203 140
11202 140
11201 140
11200 140
11199 140
11103 140
11101 140
11100 140
11000 140
10210 140
10203 140
10202 140
10201 140
10200 140
10199 140
10103 140
10101 140
10100 140
10010 140
10003 140
10002 140
10001 140
10000 140
1199 140
1103 140
1101 140
1100 140
1000 140
199 140
103 140
101 140
110 140
100 140
3 140
0 140
-1 152
-2 201
-3 152
-10 152
-200 152
-201 152
-202 152
-203 152
-210 152
-1000 202
-1002 202
-1003 202
-1010 202
-1200 202
-1201 202
-1202 202
-1203 202
-1210 202
-10000 202
-10001 202
-10002 202
-10003 202
-10010 202
-10100 202
-10199 202
-10200 202
-10201 202
-10202 202
-10203 202
-10210 202
-11001 202
-11002 202
-11003 202
-11010 202
-11199 202
-11200 202
-11201 202
-11202 202
-11203 202
-11210 202